a = [5 -5 4;
    0 2 1;
    3 3 -2]

b = [3 5 4;
    5 0 1;
    2 3 -2]

c = [3 -5 5;
    5 2 0;
    2 3 3]

x = a(1,1)*((a(2,2)*a(3,3))-(a(2,3)*a(3,2)))
y = b(1,2)*((b(2,1)*b(3,3))-(b(2,3)*b(3,1)))
z = c(1,3)*((c(2,1)*c(3,2))-(c(2,2)*c(3,1)))